 216  79  91 222 165 185 187  84  39  75 217   1  36  86  95  85
  52 165 155 247 212  98  26  25 102  63  50 138  18  55  71  67
 200  52 224 244 183   2 244 128 112 163 243 206 223  46 211  34
 134 245 220 208  27   8  19 119  81 117  82  93 101  23 221 240
 131 173  34  59  37 177 145  45  34 205 169 116  86 230  26 220
 236 184 135 242  95 172./ 174  34 166  61 177 193 254  44 209  38
 201  24  42  31  63  52  30  34 149 112 177  41  34 199  95  89
 143 247 168 101 242 230 209  39 158 191  75  80   0  86 167  61
 148 108 163  64 196 101 106 214  66 151  13 228  87  30  93  90
  65 166 133  81 129 188
